0 0.671556 0.326909 0.027716 0.038170
0 0.658177 0.412277 0.029628 0.043255
0 0.606567 0.451654 0.037274 0.045929
0 0.605610 0.941412 0.025805 0.035625
0 0.230957 0.736067 0.018159 0.029261
0 0.225701 0.671755 0.022939 0.032950
0 0.256762 0.665968 0.033451 0.036895
0 0.275399 0.562340 0.028671 0.030662
0 0.188427 0.511514 0.015293 0.022898
0 0.209931 0.478945 0.020070 0.024172
0 0.236213 0.415394 0.022939 0.029391
0 0.367151 0.237914 0.024851 0.032955
0 0.435965 0.216859 0.019113 0.024172
0 0.475151 0.192112 0.017204 0.020231
0 0.517683 0.181234 0.014335 0.016542
0 0.567381 0.216222 0.014335 0.025446
0 0.544921 0.233460 0.019116 0.031936
0 0.493311 0.259478 0.026762 0.033080
0 0.463204 0.326907 0.021982 0.043255
