0 0.679681 0.897011 0.036320 0.040710
0 0.622814 0.364505 0.029628 0.046948
0 0.550178 0.226398 0.020070 0.022902
0 0.514337 0.272837 0.030582 0.039440
0 0.457471 0.314884 0.027716 0.034225
0 0.429753 0.212405 0.018159 0.022902
0 0.365239 0.263421 0.024851 0.025446
0 0.240992 0.414058 0.021027 0.026721
0 0.211841 0.464314 0.025805 0.025446
0 0.201329 0.531108 0.021982 0.029261
0 0.178867 0.556552 0.013381 0.026717
0 0.292123 0.608141 0.035363 0.035495
0 0.248639 0.620866 0.030582 0.032950
0 0.236691 0.717620 0.023893 0.038170
0 0.222832 0.712405 0.026762 0.025442
