0 0.686372 0.875381 0.036317 0.040714
0 0.577416 0.442112 0.040143 0.046944
0 0.624727 0.358716 0.027716 0.050889
0 0.656267 0.330152 0.031540 0.042114
0 0.583628 0.225254 0.025805 0.027991
0 0.564514 0.243001 0.021985 0.030662
0 0.519116 0.280471 0.030585 0.031810
0 0.495223 0.311642 0.030585 0.033080
0 0.511948 0.178752 0.018159 0.024046
0 0.478497 0.198409 0.021982 0.025446
0 0.432143 0.215586 0.019116 0.026717
0 0.362372 0.195355 0.015293 0.021627
0 0.294992 0.592875 0.035363 0.032950
0 0.241948 0.725254 0.026762 0.027991
0 0.221399 0.725763 0.021982 0.026721
0 0.183169 0.578945 0.018162 0.025446
0 0.204674 0.550954 0.021024 0.027987
0 0.216143 0.494276 0.019116 0.031936
0 0.249117 0.431362 0.023893 0.030532
0 0.208018 0.400191 0.014335 0.013994
0 0.230480 0.354897 0.013381 0.012723
0 0.283523 0.291284 0.020070 0.025442
0 0.208497 0.348028 0.013378 0.013994
0 0.233346 0.306678 0.015290 0.017812
0 0.213753 0.303435 0.012427 0.014119
0 0.224267 0.287468 0.012424 0.015268
0 0.245293 0.269783 0.018159 0.017813
