0 0.609434 0.477670 0.039186 0.049619
0 0.637628 0.390586 0.032494 0.048218
0 0.587453 0.228945 0.016247 0.030536
0 0.600355 0.236705 0.017204 0.030536
0 0.523418 0.272837 0.029628 0.039440
0 0.566425 0.253180 0.025808 0.032950
0 0.456037 0.324363 0.030585 0.035625
0 0.281611 0.561642 0.027716 0.036895
0 0.250550 0.652735 0.030582 0.043255
0 0.224267 0.737914 0.029631 0.032955
0 0.185558 0.592875 0.022939 0.025572
0 0.215188 0.577670 0.026759 0.025446
0 0.210887 0.484795 0.025805 0.027991
0 0.251506 0.434543 0.030585 0.031806
0 0.432620 0.216222 0.021985 0.027987
0 0.475630 0.189503 0.020070 0.022902
0 0.508602 0.181234 0.013381 0.016542
0 0.396302 0.181234 0.014335 0.016542
0 0.362851 0.207443 0.016250 0.022898
0 0.327011 0.209223 0.013381 0.016538
0 0.337523 0.190266 0.011466 0.016538
0 0.368585 0.172392 0.014335 0.016668
0 0.281134 0.206741 0.017201 0.016412
0 0.256285 0.243701 0.013381 0.013994
0 0.218532 0.297011 0.010515 0.011449
0 0.210409 0.345992 0.011470 0.020353
0 0.212320 0.325700 0.017201 0.020231
0 0.231913 0.340396 0.016247 0.021627
0 0.206107 0.392431 0.014335 0.013994
0 0.237169 0.302800 0.019113 0.017938
0 0.240515 0.262660 0.014335 0.021627
