0 0.437399 0.891159 0.033451 0.041985
0 0.649575 0.840266 0.035363 0.041985
0 0.595575 0.456106 0.042052 0.054834
0 0.655309 0.418511 0.035363 0.043255
0 0.576460 0.255662 0.022939 0.027987
0 0.587930 0.229580 0.019116 0.024176
0 0.520550 0.187595 0.023893 0.024176
0 0.471806 0.190840 0.020070 0.022776
0 0.418762 0.211769 0.021024 0.024172
0 0.369063 0.175000 0.013381 0.016542
0 0.343735 0.190268 0.010512 0.011453
0 0.330355 0.207378 0.014338 0.017687
0 0.287346 0.577545 0.035363 0.040714
0 0.235258 0.748155 0.024851 0.030532
0 0.231913 0.699109 0.027716 0.042114
0 0.189860 0.579580 0.018159 0.029265
0 0.205630 0.562977 0.026759 0.031936
0 0.216622 0.492938 0.025805 0.034351
0 0.248162 0.452989 0.029628 0.035621
0 0.212799 0.381043 0.018159 0.016664
0 0.230479 0.347963 0.019116 0.021502
0 0.210409 0.342238 0.013378 0.015394
0 0.222355 0.307953 0.014338 0.012723
0 0.224267 0.285688 0.010515 0.016538
0 0.238125 0.261386 0.007646 0.016538
0 0.236213 0.278054 0.013378 0.013998
0 0.208497 0.325637 0.013378 0.015268
