0 0.515293 0.780534 0.059256 0.059671
0 0.607523 0.469529 0.043009 0.053433
0 0.630939 0.388612 0.034409 0.059797
0 0.573593 0.251907 0.024851 0.043385
0 0.512904 0.176144 0.020070 0.024172
0 0.475628 0.190775 0.021982 0.025446
0 0.424974 0.216222 0.023893 0.033076
0 0.368108 0.175507 0.013381 0.020357
0 0.340867 0.192813 0.016247 0.019083
0 0.318407 0.214440 0.017204 0.016542
0 0.287346 0.585179 0.043009 0.050893
0 0.240037 0.715649 0.028671 0.031932
0 0.224745 0.730215 0.024851 0.035625
0 0.191771 0.591668 0.018159 0.025446
0 0.207064 0.542050 0.021982 0.030536
0 0.215665 0.489759 0.021982 0.025442
0 0.243860 0.450954 0.022939 0.024172
0 0.202762 0.389375 0.013378 0.015268
0 0.233823 0.340268 0.014335 0.013994
0 0.210409 0.344148 0.009555 0.016664
0 0.227613 0.284416 0.011470 0.013994
0 0.240514 0.259478 0.016247 0.007634
0 0.237169 0.275381 0.011466 0.011453
0 0.209930 0.324491 0.014335 0.017812
