0 0.571681 0.430026 0.040143 0.048218
0 0.636195 0.412277 0.033451 0.045804
0 0.571204 0.246883 0.020073 0.030536
0 0.597965 0.233523 0.020070 0.024172
0 0.512904 0.181997 0.016247 0.025446
0 0.480409 0.204834 0.018159 0.025317
0 0.434532 0.213042 0.016247 0.026717
0 0.367630 0.176144 0.012424 0.021631
0 0.342302 0.191477 0.011470 0.021502
0 0.328922 0.204899 0.013381 0.017808
0 0.283046 0.571948 0.032494 0.039440
0 0.239558 0.712532 0.029628 0.030536
0 0.233346 0.743638 0.022936 0.031936
0 0.183648 0.573091 0.017204 0.026717
0 0.203241 0.555280 0.018159 0.026721
0 0.211841 0.485432 0.021982 0.031806
0 0.244816 0.448537 0.022936 0.026717
0 0.205630 0.382953 0.009558 0.015394
0 0.231913 0.344211 0.010515 0.011449
0 0.210409 0.338358 0.015293 0.012723
0 0.211364 0.316159 0.013381 0.016668
0 0.225223 0.288105 0.012427 0.011453
0 0.239081 0.263358 0.009558 0.010053
0 0.237169 0.297137 0.013381 0.016538
