0 0.725081 0.738549 0.031540 0.044655
0 0.774300 0.737277 0.024851 0.042110
0 0.802495 0.617620 0.020070 0.036895
0 0.721735 0.650063 0.024848 0.030532
0 0.800584 0.513358 0.025808 0.042114
0 0.770000 0.376019 0.020073 0.039440
0 0.655311 0.357571 0.021982 0.038170
0 0.618991 0.452863 0.033451 0.050889
0 0.586974 0.527926 0.053521 0.073791
0 0.521027 0.922965 0.022939 0.026717
0 0.468460 0.864442 0.022939 0.036895
0 0.351858 0.805280 0.053521 0.050893
0 0.347558 0.844211 0.033451 0.031806
0 0.273011 0.578882 0.031540 0.045929
0 0.251506 0.630408 0.021024 0.029387
0 0.237648 0.701591 0.020070 0.029261
0 0.196072 0.561067 0.017204 0.028117
0 0.234780 0.449109 0.018159 0.032950
0 0.259628 0.400828 0.029628 0.040714
0 0.294514 0.282441 0.024851 0.030662
0 0.442655 0.215584 0.017201 0.024172
0 0.478018 0.190140 0.017201 0.024176
0 0.563079 0.237342 0.022939 0.029261
0 0.594620 0.218829 0.017204 0.020231
