0 0.351381 0.889886 0.021982 0.039440
0 0.372886 0.863233 0.030582 0.049493
0 0.449825 0.870229 0.035363 0.045929
0 0.638584 0.700444 0.042052 0.057252
0 0.728425 0.620164 0.034405 0.052163
0 0.771912 0.484669 0.029628 0.045800
0 0.532974 0.566159 0.046832 0.045929
0 0.618037 0.489121 0.033451 0.052163
0 0.625683 0.401463 0.033451 0.044533
0 0.656265 0.367620 0.021982 0.038170
0 0.682549 0.346757 0.021024 0.039440
0 0.687806 0.300319 0.020070 0.025442
0 0.599398 0.218829 0.021027 0.030662
0 0.538230 0.230852 0.024851 0.034351
0 0.504779 0.263295 0.026759 0.038166
0 0.465595 0.327543 0.026762 0.047074
0 0.435979 0.222074 0.019140 0.029261
0 0.485186 0.197774 0.018159 0.021627
0 0.516247 0.181362 0.017201 0.021627
0 0.347081 0.251272 0.021027 0.026587
0 0.290213 0.300954 0.018159 0.024172
0 0.219488 0.520292 0.021982 0.033076
0 0.190338 0.601838 0.019116 0.027979
0 0.288780 0.631678 0.036317 0.044655
0 0.236213 0.760114 0.028671 0.034351
