0 0.623293 0.424872 0.034409 0.050889
0 0.658178 0.373472 0.023893 0.036895
0 0.669646 0.328245 0.023896 0.032950
0 0.684460 0.301591 0.019116 0.027987
0 0.593665 0.215584 0.022939 0.029261
0 0.567381 0.244274 0.021982 0.028117
0 0.523416 0.270929 0.027716 0.033076
0 0.465593 0.316157 0.028674 0.042110
0 0.315541 0.288231 0.022936 0.024172
0 0.398692 0.217494 0.019116 0.025442
0 0.477062 0.198411 0.021027 0.022902
0 0.517681 0.178052 0.016247 0.025446
0 0.244338 0.445992 0.029628 0.026717
0 0.268709 0.585814 0.030582 0.036895
0 0.245293 0.653943 0.025805 0.030662
0 0.240992 0.703561 0.021027 0.030662
0 0.230956 0.748793 0.023893 0.026717
0 0.182213 0.584541 0.020073 0.024172
0 0.202762 0.494848 0.019116 0.033080
