0 0.589363 0.879708 0.041098 0.039440
0 0.609434 0.832762 0.035363 0.041985
0 0.592709 0.487214 0.032497 0.050889
0 0.615168 0.391922 0.029628 0.048348
0 0.651009 0.369655 0.024848 0.039440
0 0.662000 0.315522 0.016250 0.030662
0 0.686851 0.304134 0.018159 0.027991
0 0.593663 0.216349 0.013381 0.017812
0 0.570248 0.253754 0.023893 0.029261
0 0.510514 0.265331 0.024851 0.031806
0 0.467982 0.316794 0.029628 0.043385
0 0.479930 0.205471 0.021024 0.029391
0 0.510514 0.176782 0.021027 0.027987
0 0.404904 0.218257 0.016247 0.019087
0 0.365718 0.262151 0.023893 0.025446
0 0.305505 0.286323 0.020070 0.025446
0 0.272053 0.339121 0.020070 0.026717
0 0.244816 0.419276 0.017204 0.026717
0 0.217099 0.520292 0.021027 0.025446
0 0.202284 0.548409 0.018159 0.027987
0 0.186992 0.603752 0.016247 0.026717
0 0.218053 0.707443 0.017204 0.025446
0 0.223788 0.685051 0.021027 0.021627
0 0.237646 0.636767 0.021982 0.031936
0 0.273009 0.608713 0.021982 0.029261
