0 0.809665 0.515266 0.019116 0.032950
0 0.522462 0.932506 0.035363 0.035621
0 0.308373 0.828245 0.020070 0.032950
0 0.295476 0.848667 0.026750 0.043259
0 0.607044 0.524237 0.032497 0.050893
0 0.635238 0.424365 0.029628 0.057252
0 0.654355 0.372837 0.027716 0.040714
0 0.678726 0.338996 0.026762 0.036895
0 0.687805 0.303498 0.018159 0.026721
0 0.591274 0.214312 0.010512 0.026717
0 0.544442 0.234032 0.021982 0.038170
0 0.502867 0.263295 0.021027 0.038166
0 0.472762 0.336514 0.025805 0.049489
0 0.472284 0.198537 0.019116 0.030532
0 0.502390 0.170548 0.016250 0.025446
0 0.405381 0.222009 0.022939 0.019213
0 0.366195 0.262151 0.019116 0.030536
0 0.305027 0.286260 0.015293 0.020231
0 0.271098 0.336514 0.014335 0.024042
0 0.236691 0.423728 0.020070 0.030532
0 0.216142 0.509478 0.017204 0.034355
0 0.202285 0.550319 0.020070 0.031806
0 0.182213 0.575126 0.016250 0.025446
0 0.260585 0.559160 0.023896 0.037021
0 0.242425 0.637342 0.023893 0.025446
0 0.224267 0.685751 0.023893 0.038044
0 0.218053 0.721311 0.021027 0.033076
