0 0.627116 0.646311 0.043963 0.068831
0 0.696886 0.428117 0.036320 0.046948
0 0.446479 0.284923 0.024848 0.035625
0 0.407770 0.353626 0.027716 0.038170
0 0.453169 0.478943 0.051613 0.077610
0 0.273966 0.590903 0.029628 0.036895
0 0.247206 0.623981 0.027716 0.034351
0 0.238604 0.702861 0.018159 0.029261
0 0.234779 0.739821 0.020070 0.019213
0 0.194639 0.577035 0.021985 0.026717
0 0.203239 0.472074 0.016247 0.022898
0 0.224267 0.471437 0.021985 0.029261
0 0.246248 0.402735 0.016247 0.026721
0 0.336567 0.833397 0.032494 0.038166
