0 0.577895 0.925635 0.031540 0.036895
0 0.664390 0.848030 0.030585 0.041985
0 0.446957 0.861386 0.029628 0.040710
0 0.371930 0.879834 0.026762 0.029261
0 0.319364 0.854263 0.022936 0.036895
0 0.598921 0.493575 0.033451 0.050893
0 0.587930 0.591540 0.034409 0.048348
0 0.769523 0.488549 0.028674 0.038040
0 0.608479 0.372837 0.033451 0.038166
0 0.629027 0.353119 0.026762 0.047074
0 0.642886 0.309097 0.023893 0.027991
0 0.688762 0.302800 0.018159 0.035495
0 0.603223 0.223218 0.015293 0.021631
0 0.570726 0.248793 0.019116 0.031806
0 0.512904 0.259478 0.027716 0.035621
0 0.436442 0.306680 0.029628 0.035625
0 0.417806 0.223346 0.022936 0.024176
0 0.476591 0.199681 0.016232 0.022902
0 0.512902 0.182634 0.018159 0.029261
0 0.295901 0.303435 0.020168 0.024298
0 0.226178 0.418001 0.020070 0.026717
0 0.237169 0.457950 0.024851 0.035625
0 0.211364 0.483525 0.019113 0.022902
0 0.187470 0.599235 0.019116 0.030662
0 0.290692 0.630343 0.040140 0.036895
0 0.224267 0.744276 0.025808 0.030662
