0 0.467982 0.872137 0.037274 0.044655
0 0.363328 0.860114 0.030582 0.040714
0 0.353294 0.890586 0.027716 0.030662
0 0.233823 0.751272 0.021982 0.034225
0 0.229523 0.699809 0.021027 0.040714
0 0.187948 0.592175 0.016250 0.021631
0 0.197029 0.514568 0.017204 0.026717
0 0.197983 0.476398 0.021027 0.026717
0 0.248160 0.373346 0.020070 0.029265
0 0.287346 0.308460 0.018162 0.026717
0 0.374797 0.260241 0.017204 0.021627
0 0.435009 0.227035 0.019116 0.026717
0 0.483274 0.202991 0.018159 0.019083
0 0.522938 0.183269 0.017204 0.027991
0 0.471328 0.311069 0.026759 0.046944
0 0.506213 0.267112 0.021982 0.030532
0 0.545399 0.199809 0.014335 0.015268
0 0.569771 0.241666 0.019116 0.027991
0 0.371451 0.302226 0.025805 0.031806
0 0.433098 0.391922 0.034409 0.045800
0 0.604654 0.499365 0.031540 0.044655
0 0.522939 0.596755 0.042055 0.043259
0 0.659133 0.435114 0.027716 0.043385
0 0.643841 0.364505 0.021982 0.046948
0 0.662477 0.320674 0.024851 0.035625
0 0.681116 0.294464 0.018159 0.024172
