0 0.626160 0.493701 0.030582 0.045804
0 0.646230 0.416729 0.030582 0.044529
0 0.527239 0.267240 0.023893 0.035625
0 0.445046 0.287530 0.018159 0.032950
0 0.368107 0.379706 0.030585 0.036895
0 0.240992 0.446629 0.022936 0.027991
0 0.270620 0.400126 0.024851 0.021502
0 0.211843 0.502482 0.020070 0.027991
0 0.203241 0.540140 0.025805 0.029265
0 0.220922 0.590968 0.030582 0.044655
0 0.279701 0.627163 0.025805 0.033076
0 0.254369 0.678180 0.022945 0.040710
0 0.234780 0.699172 0.018159 0.029261
0 0.225701 0.720164 0.019116 0.022902
