0 0.647186 0.731615 0.030585 0.043255
0 0.701186 0.625381 0.033451 0.039440
0 0.629983 0.495611 0.030582 0.052163
0 0.510037 0.466349 0.044921 0.041985
0 0.621858 0.332060 0.027716 0.032950
0 0.678726 0.328945 0.024848 0.029261
0 0.666779 0.279836 0.021985 0.027991
0 0.589363 0.228308 0.018159 0.026721
0 0.574549 0.242303 0.022939 0.026717
0 0.517683 0.186960 0.018159 0.025446
0 0.482797 0.194720 0.019113 0.022898
0 0.445046 0.213040 0.021982 0.024172
0 0.276834 0.381743 0.020070 0.027991
0 0.236691 0.405280 0.020070 0.026721
0 0.218055 0.476400 0.019116 0.024172
0 0.197983 0.595420 0.021027 0.030662
0 0.289258 0.582760 0.044918 0.058523
0 0.259152 0.588423 0.026762 0.031936
0 0.250550 0.629708 0.026759 0.043255
0 0.243381 0.710623 0.025805 0.031806
0 0.236692 0.758206 0.021982 0.033076
0 0.338957 0.801591 0.037274 0.050893
0 0.495700 0.905280 0.023893 0.026721
0 0.738460 0.293257 0.008604 0.019209
0 0.749930 0.306680 0.014335 0.015268
