0 0.655309 0.898793 0.027716 0.031806
0 0.604177 0.507634 0.030585 0.050763
0 0.651009 0.417366 0.026762 0.045804
0 0.668213 0.305345 0.019116 0.035495
0 0.581239 0.222709 0.019113 0.027991
0 0.550655 0.237214 0.021024 0.024176
0 0.499523 0.230217 0.025808 0.027991
0 0.436921 0.257634 0.021024 0.021502
0 0.462726 0.326907 0.030585 0.040714
0 0.467505 0.189505 0.017204 0.025446
0 0.416372 0.200319 0.021982 0.021627
0 0.344692 0.262660 0.021982 0.021627
0 0.243860 0.430726 0.019116 0.029261
0 0.218532 0.509606 0.020070 0.024172
0 0.193683 0.515903 0.016250 0.016668
0 0.186037 0.582634 0.012427 0.022898
0 0.264407 0.557190 0.027716 0.027991
0 0.250550 0.640584 0.030582 0.031932
0 0.225700 0.667366 0.024851 0.024172
0 0.220921 0.725763 0.019116 0.024172
