0 0.715523 0.704198 0.035363 0.054834
0 0.617558 0.727100 0.030585 0.044655
0 0.783381 0.367685 0.018159 0.035499
0 0.701665 0.267875 0.022939 0.034355
0 0.580284 0.244211 0.026762 0.038170
0 0.517204 0.184416 0.015293 0.020357
0 0.478974 0.189503 0.021027 0.022902
0 0.437398 0.222074 0.027716 0.029261
0 0.202762 0.472709 0.021024 0.026717
0 0.186037 0.563677 0.020073 0.027987
0 0.313151 0.533143 0.035363 0.045800
0 0.264409 0.561069 0.029628 0.040840
0 0.241948 0.632315 0.026762 0.035499
0 0.241948 0.714949 0.022939 0.030532
0 0.230002 0.736069 0.018162 0.031806
0 0.326530 0.820674 0.033451 0.040714
0 0.448390 0.844148 0.034409 0.036769
0 0.482319 0.948537 0.027716 0.029265
0 0.766654 0.330726 0.017204 0.020357
