0 0.672512 0.893703 0.029628 0.036895
0 0.657221 0.377926 0.027716 0.043255
0 0.677770 0.339631 0.024851 0.033076
0 0.685893 0.300319 0.018159 0.025442
0 0.573593 0.215584 0.017204 0.024172
0 0.541576 0.236067 0.021982 0.029261
0 0.482320 0.311642 0.025805 0.033080
0 0.523893 0.182634 0.019116 0.021631
0 0.482319 0.191477 0.020070 0.021502
0 0.407771 0.207443 0.018159 0.022898
0 0.204197 0.564312 0.020070 0.026717
0 0.182213 0.577672 0.014335 0.022902
0 0.253896 0.645676 0.029628 0.034225
0 0.219966 0.651335 0.022939 0.033076
0 0.224744 0.734160 0.022939 0.025446
