0 0.598921 0.414821 0.031543 0.040714
0 0.638584 0.346757 0.028674 0.039440
0 0.686849 0.327608 0.027716 0.034225
0 0.710744 0.319274 0.021982 0.030536
0 0.550655 0.167366 0.019116 0.024172
0 0.516248 0.175507 0.021027 0.020357
0 0.456037 0.200319 0.022939 0.026717
0 0.467982 0.280599 0.033451 0.036895
0 0.416851 0.229643 0.022939 0.021502
0 0.296904 0.520292 0.031540 0.038166
0 0.259151 0.557888 0.032497 0.036765
0 0.243383 0.656552 0.016247 0.030532
0 0.233346 0.665394 0.021027 0.025317
0 0.206107 0.569911 0.018159 0.022898
0 0.370018 0.821946 0.034409 0.043259
0 0.447434 0.789377 0.038229 0.047074
