0 0.661828 0.882064 0.040235 0.043486
0 0.545904 0.927668 0.023503 0.030759
0 0.654657 0.366895 0.033064 0.051437
0 0.617210 0.220538 0.020317 0.031287
0 0.591517 0.238036 0.025497 0.035528
0 0.543316 0.271443 0.027088 0.034468
0 0.493919 0.306175 0.029479 0.045605
0 0.418828 0.223454 0.024302 0.024391
0 0.451694 0.192697 0.019918 0.024395
0 0.503678 0.174136 0.013942 0.025455
0 0.553075 0.168302 0.016332 0.026514
0 0.284780 0.498935 0.032665 0.041895
0 0.266058 0.584574 0.026293 0.033937
0 0.227218 0.666504 0.021912 0.033405
0 0.203316 0.560712 0.017131 0.024395
0 0.227416 0.436891 0.015936 0.020682
0 0.268846 0.372991 0.022308 0.030755
0 0.218341 0.384706 0.012677 0.018413
0 0.220070 0.316299 0.008067 0.014578
0 0.232846 0.317321 0.010180 0.010487
0 0.271652 0.254156 0.012872 0.014067
0 0.239954 0.272953 0.008262 0.010231
0 0.269730 0.231652 0.009796 0.010487
0 0.363096 0.173602 0.012101 0.013551
0 0.396038 0.157106 0.010363 0.013295
