0 0.229194 0.303117 0.011308 0.010300
0 0.247346 0.257961 0.010119 0.012675
0 0.268177 0.230826 0.010713 0.011489
0 0.263117 0.296185 0.011308 0.010698
0 0.260738 0.272021 0.010713 0.013864
0 0.262216 0.428204 0.021201 0.030061
0 0.234102 0.446305 0.018436 0.024541
0 0.219582 0.520237 0.017055 0.021473
0 0.247238 0.646629 0.026274 0.032520
0 0.273280 0.611349 0.030421 0.039265
0 0.306465 0.574231 0.036875 0.042334
0 0.348870 0.186463 0.012905 0.014111
0 0.363157 0.170205 0.012905 0.014728
0 0.373989 0.188612 0.019820 0.026997
0 0.481383 0.193521 0.019820 0.024541
0 0.519177 0.176339 0.017055 0.020860
0 0.543835 0.157932 0.018439 0.023316
0 0.591540 0.234014 0.024427 0.031907
0 0.623803 0.223890 0.020741 0.034972
0 0.687640 0.346295 0.027652 0.045406
0 0.653762 0.375132 0.023506 0.038040
0 0.600758 0.434032 0.030881 0.050313
0 0.517794 0.928864 0.029960 0.033742
0 0.649614 0.877017 0.041942 0.041721
0 0.246899 0.298164 0.011604 0.013072
0 0.227706 0.354612 0.011308 0.016636
