0 0.391053 0.156496 0.012893 0.015978
0 0.229346 0.299409 0.009558 0.011246
0 0.242460 0.273224 0.010890 0.012131
0 0.264578 0.256654 0.012448 0.012723
0 0.271357 0.229136 0.008671 0.009765
0 0.360823 0.171142 0.012890 0.013316
0 0.420171 0.222480 0.021780 0.024854
0 0.454957 0.188896 0.017116 0.024562
0 0.502524 0.172177 0.015780 0.021303
0 0.553203 0.167149 0.014893 0.021303
0 0.656340 0.378265 0.038454 0.058884
0 0.622110 0.232392 0.022896 0.037577
0 0.586434 0.229876 0.020448 0.033137
0 0.548648 0.273222 0.026674 0.034619
0 0.489965 0.305477 0.036454 0.038170
0 0.231348 0.470138 0.025561 0.031364
0 0.206229 0.567338 0.021561 0.022784
0 0.238459 0.690871 0.027338 0.035507
0 0.255686 0.588789 0.033341 0.034322
0 0.287360 0.498247 0.034896 0.043198
0 0.552355 0.912368 0.025918 0.031213
