0 0.361165 0.171749 0.012390 0.016437
0 0.268149 0.228756 0.011195 0.013787
0 0.239866 0.272504 0.013506 0.014318
0 0.276733 0.250231 0.012351 0.016437
0 0.272351 0.283109 0.017927 0.020682
0 0.233890 0.313070 0.013585 0.018032
0 0.258808 0.392084 0.020317 0.020150
0 0.210585 0.397121 0.014701 0.021741
0 0.348419 0.201711 0.017966 0.020150
0 0.387059 0.153985 0.014698 0.016972
0 0.413570 0.216029 0.020713 0.030759
0 0.455198 0.188454 0.020317 0.024391
0 0.499198 0.170690 0.017488 0.022800
0 0.540646 0.164060 0.020713 0.020150
0 0.232297 0.475603 0.027845 0.036587
0 0.203436 0.566280 0.019518 0.024923
0 0.218573 0.643435 0.024299 0.036059
0 0.251040 0.569994 0.027884 0.037650
0 0.280299 0.505564 0.036293 0.044545
0 0.449800 0.275420 0.030314 0.048787
0 0.526505 0.260838 0.024302 0.035532
0 0.565125 0.213908 0.022744 0.033937
0 0.611953 0.210726 0.019918 0.031818
0 0.623287 0.342766 0.033024 0.044541
0 0.664869 0.894466 0.033451 0.038170
