0 0.602878 0.437959 0.035030 0.050925
0 0.522919 0.909373 0.029875 0.038178
0 0.659572 0.393170 0.032265 0.037427
0 0.690681 0.354211 0.025351 0.038040
0 0.619241 0.220455 0.019817 0.029448
0 0.590203 0.233647 0.019820 0.027610
0 0.549181 0.164008 0.016131 0.025767
0 0.516457 0.178734 0.014287 0.020860
0 0.483271 0.190696 0.019817 0.021473
0 0.308125 0.556069 0.037335 0.050313
0 0.261572 0.592575 0.024430 0.030061
0 0.244058 0.642579 0.021665 0.029452
0 0.214098 0.523243 0.017976 0.022703
0 0.233457 0.435197 0.017055 0.023316
0 0.262954 0.430599 0.024427 0.027610
0 0.229538 0.351755 0.011985 0.014728
0 0.261184 0.295315 0.014284 0.014655
0 0.230832 0.324229 0.010713 0.013864
0 0.225922 0.308582 0.011009 0.011092
0 0.246305 0.260258 0.008329 0.009509
0 0.270556 0.232727 0.008034 0.010698
0 0.346436 0.190938 0.012201 0.014261
0 0.368306 0.171331 0.014284 0.016242
0 0.233659 0.286004 0.007439 0.008713
0 0.263265 0.271546 0.011902 0.016242
