0 0.632628 0.341049 0.031390 0.045085
0 0.619412 0.921636 0.036348 0.040682
0 0.224567 0.652784 0.026433 0.032987
0 0.246869 0.576912 0.028085 0.037386
0 0.286518 0.502691 0.028085 0.042881
0 0.614183 0.211733 0.017128 0.027573
0 0.588489 0.233476 0.022308 0.032877
0 0.521963 0.253097 0.025494 0.035000
0 0.446274 0.270065 0.031073 0.044545
0 0.411418 0.229763 0.020317 0.028632
0 0.454242 0.190522 0.019918 0.023332
0 0.501646 0.170371 0.015933 0.024395
0 0.542479 0.161621 0.013945 0.019623
0 0.204072 0.562782 0.017527 0.023332
0 0.230764 0.488541 0.019918 0.029696
0 0.262233 0.429416 0.023107 0.030227
0 0.210845 0.391498 0.011152 0.015909
0 0.279561 0.296315 0.019518 0.023864
0 0.228970 0.327599 0.010756 0.013259
0 0.352566 0.197792 0.014582 0.015844
0 0.365361 0.173431 0.011607 0.017033
0 0.389613 0.156794 0.012500 0.015446
0 0.279581 0.251039 0.012485 0.013945
0 0.270252 0.230120 0.007607 0.008024
0 0.239256 0.271956 0.007604 0.008791
0 0.225050 0.302806 0.008466 0.011652
