0 0.299002 0.536427 0.030674 0.042423
0 0.613027 0.895958 0.031073 0.033937
0 0.415442 0.921144 0.042226 0.036591
0 0.600360 0.440179 0.037445 0.045073
0 0.652944 0.379460 0.036649 0.049846
0 0.695169 0.352963 0.029479 0.033929
0 0.616095 0.215869 0.021909 0.032346
0 0.590998 0.232573 0.020314 0.030755
0 0.516108 0.176364 0.021113 0.027573
0 0.468105 0.192273 0.016729 0.021209
0 0.370706 0.170266 0.012351 0.013259
0 0.353378 0.183787 0.013543 0.015909
0 0.252991 0.617293 0.028683 0.035528
0 0.248210 0.648580 0.025494 0.027045
0 0.238849 0.465367 0.024302 0.027577
0 0.261556 0.409953 0.026692 0.029168
0 0.269921 0.352948 0.022707 0.027577
0 0.238851 0.340751 0.017927 0.016972
0 0.236459 0.315298 0.013942 0.014850
0 0.260375 0.302772 0.012488 0.015601
0 0.248271 0.292159 0.009799 0.010739
0 0.248271 0.257378 0.008646 0.009205
0 0.271325 0.231039 0.010180 0.010739
0 0.229441 0.302551 0.009052 0.009079
