0 0.766117 0.483291 0.027088 0.046136
0 0.687038 0.332691 0.021899 0.027045
0 0.661947 0.339320 0.020314 0.026514
0 0.614341 0.398711 0.035055 0.050905
0 0.589445 0.480639 0.044220 0.055678
0 0.319636 0.742236 0.037119 0.039943
0 0.283960 0.795497 0.028451 0.025743
0 0.310633 0.786916 0.036009 0.039351
0 0.245840 0.607311 0.028674 0.036985
0 0.275069 0.573433 0.027119 0.044383
0 0.189826 0.588523 0.016226 0.019529
0 0.193715 0.532599 0.020448 0.030775
0 0.190381 0.482744 0.019116 0.028109
0 0.241616 0.432443 0.020671 0.034619
