0 0.589605 0.478200 0.045015 0.056741
0 0.642630 0.398787 0.032918 0.043823
0 0.661662 0.353253 0.027262 0.036976
0 0.747046 0.379787 0.026232 0.041425
0 0.797328 0.353072 0.007966 0.014018
0 0.319812 0.773569 0.034674 0.034915
0 0.321546 0.883411 0.029610 0.028876
0 0.217570 0.705586 0.020659 0.024290
0 0.257753 0.628734 0.034896 0.036688
0 0.299652 0.577693 0.033787 0.051782
0 0.235748 0.422944 0.020229 0.024558
0 0.212299 0.509343 0.019116 0.029294
0 0.199628 0.551506 0.019116 0.018344
0 0.194404 0.582427 0.019338 0.022784
