0 0.515782 0.249207 0.025887 0.035256
0 0.304360 0.870704 0.037494 0.042382
0 0.324148 0.795838 0.036601 0.036838
0 0.214197 0.716222 0.021424 0.027330
0 0.230712 0.666112 0.025887 0.026144
0 0.249311 0.608677 0.030354 0.033271
0 0.201550 0.582532 0.021723 0.030106
0 0.241276 0.414781 0.021424 0.027330
0 0.418774 0.413592 0.034817 0.042386
0 0.388870 0.330012 0.026186 0.036047
0 0.478884 0.306841 0.021128 0.042780
0 0.538694 0.228608 0.021723 0.028912
0 0.580204 0.217317 0.018451 0.026144
0 0.611003 0.178896 0.010415 0.015049
0 0.622012 0.408245 0.036006 0.052285
0 0.532445 0.543716 0.049098 0.057041
0 0.747436 0.279113 0.011902 0.016636
0 0.794750 0.352987 0.007738 0.013864
