0 0.299030 0.825175 0.034677 0.037873
0 0.529811 0.472421 0.056171 0.081132
0 0.622628 0.386780 0.037049 0.049850
0 0.738070 0.302620 0.012348 0.020540
0 0.743985 0.297827 0.007201 0.015751
0 0.761604 0.298681 0.011573 0.017459
0 0.795550 0.350034 0.005399 0.010613
0 0.613465 0.160716 0.009515 0.014720
0 0.619253 0.172013 0.008744 0.013352
0 0.306707 0.775893 0.032707 0.032541
0 0.216675 0.718602 0.023412 0.026124
0 0.245767 0.654209 0.027198 0.027500
0 0.263498 0.620982 0.033741 0.041705
0 0.436162 0.409929 0.045104 0.053162
0 0.343683 0.263762 0.026488 0.032524
0 0.384575 0.198886 0.023405 0.028072
0 0.447584 0.167561 0.023918 0.027045
0 0.497349 0.248699 0.025204 0.037999
0 0.588262 0.240140 0.017744 0.027731
0 0.539527 0.235517 0.021604 0.028072
