0 0.372410 0.936552 0.038320 0.039030
0 0.309529 0.847200 0.039095 0.046558
0 0.297570 0.803892 0.025976 0.024992
0 0.340520 0.735933 0.036777 0.040398
0 0.248578 0.616453 0.029832 0.034919
0 0.301299 0.566983 0.038579 0.041425
0 0.189553 0.596597 0.016716 0.026019
0 0.198299 0.563048 0.018774 0.025333
0 0.213857 0.450241 0.017488 0.027731
0 0.239319 0.427989 0.017491 0.022252
0 0.688744 0.334184 0.020317 0.030471
0 0.648622 0.331445 0.021860 0.031153
0 0.642707 0.414637 0.035750 0.044850
0 0.584326 0.489612 0.041921 0.058543
