0 0.662066 0.541940 0.043021 0.054619
0 0.752524 0.417198 0.020829 0.032480
0 0.783473 0.360950 0.012500 0.017427
0 0.801476 0.369862 0.011604 0.016242
0 0.781011 0.321439 0.009607 0.013300
0 0.777457 0.346500 0.011720 0.015856
0 0.748064 0.281928 0.010183 0.017135
0 0.761608 0.292926 0.012680 0.016623
0 0.755268 0.276175 0.009604 0.014834
0 0.699652 0.286021 0.022860 0.027877
0 0.694659 0.321952 0.026701 0.037849
0 0.654026 0.356345 0.044186 0.050377
0 0.318790 0.756408 0.035787 0.045568
0 0.265332 0.822246 0.028006 0.038170
0 0.243883 0.814403 0.024229 0.032549
0 0.251997 0.630509 0.028896 0.038170
0 0.210207 0.540706 0.028451 0.037281
