0 0.582139 0.237798 0.019046 0.024558
0 0.733154 0.291471 0.011607 0.013072
0 0.768415 0.284736 0.008927 0.012281
0 0.778087 0.314050 0.008034 0.013864
0 0.771986 0.318803 0.010710 0.019407
0 0.609053 0.515881 0.043326 0.063198
0 0.215239 0.720262 0.022021 0.028519
0 0.259576 0.641041 0.026780 0.034858
0 0.192029 0.591128 0.017857 0.021388
0 0.199021 0.557261 0.019341 0.024164
0 0.656529 0.635524 0.057155 0.075471
0 0.219703 0.488734 0.018448 0.026542
0 0.250500 0.425753 0.025293 0.029712
0 0.432761 0.432488 0.041662 0.043969
0 0.396904 0.364750 0.022912 0.032877
0 0.468915 0.300582 0.024695 0.035256
0 0.529915 0.267110 0.030055 0.041193
0 0.545687 0.234828 0.029460 0.034460
