0 0.676809 0.901256 0.027003 0.027050
0 0.591919 0.472399 0.035119 0.051331
0 0.644770 0.399754 0.030643 0.051790
0 0.659573 0.323904 0.023756 0.035747
0 0.687117 0.317259 0.021692 0.027959
0 0.571262 0.222157 0.018591 0.023835
0 0.555253 0.238427 0.021689 0.028876
0 0.444733 0.327798 0.029265 0.036205
0 0.353668 0.241179 0.019970 0.026124
0 0.404623 0.216885 0.021345 0.025207
0 0.473139 0.195576 0.017216 0.027500
0 0.516520 0.186179 0.015838 0.023373
0 0.246076 0.436418 0.023067 0.028876
0 0.212852 0.497603 0.022723 0.030248
0 0.200113 0.550998 0.017902 0.021542
0 0.186858 0.580558 0.015491 0.022001
0 0.291697 0.602328 0.033052 0.038040
0 0.258127 0.656869 0.028576 0.038957
0 0.238331 0.699261 0.026168 0.029334
0 0.232133 0.751968 0.025479 0.029334
