0 0.659238 0.886390 0.027970 0.038819
0 0.587971 0.467898 0.033027 0.049513
0 0.610288 0.351045 0.027674 0.046343
0 0.671140 0.331439 0.022616 0.036441
0 0.587672 0.226270 0.018747 0.026542
0 0.550924 0.232411 0.022018 0.028523
0 0.510456 0.185274 0.015473 0.020597
0 0.465968 0.191017 0.017558 0.022577
0 0.403777 0.214584 0.019939 0.022975
0 0.354084 0.245284 0.016960 0.025747
0 0.241306 0.443537 0.024698 0.028519
0 0.207979 0.474633 0.020530 0.025751
0 0.199200 0.548310 0.019046 0.024955
0 0.185364 0.583760 0.015771 0.019014
0 0.284155 0.589505 0.035409 0.042386
0 0.219582 0.716656 0.022317 0.029708
