0 0.533096 0.404152 0.040558 0.049083
0 0.642563 0.389428 0.027192 0.049083
0 0.651780 0.317642 0.027195 0.034359
0 0.778764 0.651723 0.028576 0.034972
0 0.598316 0.234507 0.019820 0.027610
0 0.560982 0.240333 0.024427 0.026997
0 0.472948 0.259661 0.023506 0.028835
0 0.430082 0.293101 0.024427 0.034359
0 0.447596 0.226836 0.024430 0.029452
0 0.485622 0.195237 0.019360 0.022699
0 0.503137 0.180513 0.019360 0.020248
0 0.232119 0.438511 0.025811 0.033133
0 0.186950 0.605400 0.018436 0.023316
0 0.203774 0.710623 0.023506 0.032520
