0 0.795953 0.644815 0.025893 0.042423
0 0.640992 0.393462 0.029082 0.044545
0 0.530049 0.413878 0.035055 0.053559
0 0.653941 0.322934 0.022308 0.040300
0 0.575264 0.222975 0.018723 0.027045
0 0.535029 0.220854 0.020314 0.029168
0 0.478861 0.265398 0.021113 0.033409
0 0.426476 0.307025 0.023902 0.038182
0 0.421896 0.227484 0.017927 0.025455
0 0.479459 0.202559 0.017527 0.029696
0 0.515509 0.176841 0.014738 0.021741
0 0.233073 0.452321 0.022707 0.031818
0 0.210566 0.507208 0.015936 0.025982
0 0.202201 0.558379 0.023902 0.030759
0 0.282867 0.597354 0.033064 0.036591
0 0.260559 0.674775 0.035454 0.037650
0 0.241837 0.721972 0.025893 0.029164
0 0.228492 0.739205 0.022308 0.028636
