0 0.671079 0.897646 0.028671 0.036899
0 0.625204 0.370802 0.032494 0.054704
0 0.450302 0.315459 0.034409 0.038166
0 0.513381 0.272202 0.024848 0.035621
0 0.554479 0.243003 0.021024 0.022776
0 0.433575 0.216922 0.023893 0.031936
0 0.358072 0.246183 0.031540 0.031936
0 0.242427 0.452354 0.021982 0.034351
0 0.220921 0.493575 0.022939 0.025446
0 0.200851 0.541920 0.021024 0.025446
0 0.183169 0.552163 0.018162 0.023028
0 0.286390 0.599172 0.033451 0.035625
0 0.258197 0.656487 0.024851 0.032950
0 0.243383 0.728308 0.035363 0.031810
0 0.220921 0.711260 0.022939 0.030532
