0 0.637149 0.936386 0.033451 0.032950
0 0.620425 0.351717 0.024851 0.039440
0 0.678726 0.298411 0.015293 0.026717
0 0.520549 0.268511 0.025805 0.040714
0 0.443611 0.300956 0.024851 0.031806
0 0.434053 0.215584 0.026759 0.029261
0 0.370974 0.251909 0.024851 0.027861
0 0.244338 0.456043 0.021982 0.034351
0 0.213276 0.466222 0.021027 0.029261
0 0.197506 0.535623 0.018159 0.022772
0 0.181258 0.559860 0.014338 0.017813
0 0.283046 0.599237 0.028671 0.038295
0 0.262974 0.667303 0.026759 0.031936
0 0.242425 0.724619 0.031540 0.031810
0 0.236213 0.748091 0.026762 0.032950
