0 0.734160 0.810495 0.028674 0.040714
0 0.567381 0.416668 0.037274 0.057378
0 0.657223 0.408334 0.025805 0.050889
0 0.568337 0.214949 0.020070 0.022902
0 0.531540 0.232888 0.019116 0.027991
0 0.492354 0.257634 0.022939 0.026843
0 0.454125 0.319401 0.024848 0.038170
0 0.522460 0.185116 0.014335 0.016668
0 0.489009 0.195992 0.016250 0.022902
0 0.425930 0.209988 0.020073 0.027987
0 0.367151 0.240457 0.021027 0.032950
0 0.236692 0.421120 0.025805 0.035495
0 0.207541 0.471437 0.024851 0.024172
0 0.187470 0.547709 0.015293 0.024046
0 0.217576 0.706106 0.021982 0.022772
0 0.228090 0.671183 0.021985 0.029265
0 0.243860 0.644974 0.022939 0.038170
0 0.292125 0.608841 0.027720 0.041985
