0 0.595098 0.450319 0.033451 0.048348
0 0.646707 0.398920 0.025805 0.044529
0 0.665346 0.314823 0.024851 0.036895
0 0.770956 0.375319 0.016247 0.030662
0 0.581718 0.220802 0.020070 0.026717
0 0.544444 0.230915 0.020070 0.024046
0 0.518160 0.175507 0.013381 0.020357
0 0.486143 0.192112 0.021982 0.022772
0 0.437877 0.211830 0.019113 0.026591
0 0.242427 0.412786 0.025805 0.029265
0 0.207541 0.477035 0.021027 0.025442
0 0.189383 0.527289 0.017204 0.024172
0 0.293558 0.587086 0.040140 0.039440
0 0.252462 0.655787 0.030582 0.039440
0 0.238602 0.710625 0.023893 0.029261
0 0.229523 0.735942 0.021027 0.021631
