0 0.642886 0.915968 0.031540 0.038170
0 0.604655 0.466222 0.037274 0.049619
0 0.615169 0.351847 0.023893 0.044529
0 0.595576 0.228945 0.022939 0.030536
0 0.538230 0.231552 0.022936 0.030662
0 0.505258 0.258269 0.023893 0.030662
0 0.508602 0.178817 0.015290 0.016538
0 0.484709 0.194083 0.017204 0.024172
0 0.437877 0.213168 0.022936 0.031806
0 0.379098 0.244974 0.021982 0.026717
0 0.239558 0.417238 0.021982 0.033080
0 0.208974 0.474491 0.020070 0.022902
0 0.194639 0.547074 0.016247 0.022776
0 0.298814 0.613295 0.033451 0.040714
0 0.250073 0.656487 0.025805 0.032950
0 0.235735 0.707443 0.025805 0.025446
0 0.234302 0.741666 0.017201 0.027991
