0 0.642407 0.940205 0.024851 0.035751
0 0.627116 0.355536 0.028671 0.039440
0 0.676337 0.295739 0.020070 0.034351
0 0.569293 0.242301 0.025805 0.029261
0 0.522939 0.282378 0.026762 0.035625
0 0.455559 0.314314 0.027716 0.030536
0 0.422585 0.215584 0.019116 0.024172
0 0.356160 0.250063 0.023893 0.026717
0 0.241471 0.414058 0.020070 0.026721
0 0.212320 0.461132 0.021024 0.024172
0 0.199418 0.522900 0.018159 0.030662
0 0.185559 0.592301 0.021027 0.029261
0 0.288780 0.599300 0.036317 0.043259
0 0.246727 0.612532 0.026759 0.034351
0 0.237646 0.716222 0.029628 0.027987
0 0.234780 0.746883 0.025805 0.030536
