0 0.470372 0.982190 0.026762 0.030662
0 0.760921 0.738549 0.026762 0.042114
0 0.571681 0.431362 0.042052 0.053438
0 0.615169 0.361323 0.031540 0.048222
0 0.584585 0.216922 0.025805 0.031936
0 0.576937 0.245483 0.027716 0.035625
0 0.495700 0.258906 0.023893 0.031936
0 0.446479 0.318764 0.032494 0.036895
0 0.517681 0.186958 0.016247 0.022902
0 0.472762 0.183269 0.018159 0.027991
0 0.422107 0.212405 0.020073 0.022902
0 0.368107 0.246248 0.021024 0.026717
0 0.397735 0.178180 0.015293 0.017813
0 0.367630 0.175000 0.012424 0.013994
0 0.345169 0.188358 0.015290 0.012723
0 0.311239 0.223918 0.016247 0.015394
0 0.249116 0.244974 0.012427 0.016538
0 0.221878 0.291349 0.011470 0.010053
0 0.250072 0.257060 0.012424 0.012723
0 0.255806 0.271055 0.014338 0.015268
0 0.215186 0.316794 0.015293 0.012597
0 0.208976 0.336577 0.014335 0.016538
0 0.256762 0.312912 0.016250 0.017812
0 0.207064 0.395611 0.014335 0.020353
0 0.247206 0.410241 0.027716 0.026717
0 0.212799 0.473983 0.021982 0.026717
0 0.208020 0.543192 0.020070 0.022902
0 0.182215 0.581999 0.023893 0.021627
0 0.239081 0.631043 0.034405 0.043385
0 0.222355 0.714314 0.027716 0.029261
0 0.291169 0.596755 0.048741 0.045800
