0 0.626637 0.907188 0.037274 0.050893
0 0.472762 0.959860 0.033451 0.036895
0 0.604655 0.478308 0.041098 0.050893
0 0.599398 0.213677 0.021027 0.025446
0 0.518637 0.279261 0.029628 0.044659
0 0.457948 0.306043 0.028671 0.039440
0 0.521982 0.176780 0.015293 0.022902
0 0.470372 0.185814 0.021024 0.027991
0 0.420674 0.208078 0.019116 0.021627
0 0.282090 0.573728 0.030582 0.038170
0 0.243381 0.718194 0.029628 0.029391
0 0.228567 0.733397 0.026762 0.036899
0 0.192248 0.586514 0.021027 0.025317
0 0.204674 0.546437 0.019116 0.031932
0 0.211364 0.467557 0.019113 0.029391
0 0.243860 0.426144 0.024848 0.027987
0 0.205630 0.397518 0.015290 0.021627
0 0.231913 0.342875 0.010515 0.014119
0 0.203718 0.347392 0.013381 0.012723
0 0.208020 0.323728 0.008601 0.011449
0 0.226178 0.284288 0.012424 0.011449
0 0.223788 0.311705 0.017204 0.020227
0 0.243383 0.265968 0.012424 0.012723
