0 0.605611 0.460623 0.039186 0.058527
0 0.642407 0.397518 0.028674 0.047074
0 0.282090 0.572455 0.028674 0.035625
0 0.575982 0.903945 0.029628 0.031932
0 0.192248 0.605662 0.021027 0.027987
0 0.201329 0.561705 0.018159 0.029391
0 0.209453 0.482825 0.021027 0.029391
0 0.245293 0.433841 0.021982 0.032950
0 0.420195 0.214312 0.016250 0.021627
0 0.471806 0.191412 0.016247 0.026721
0 0.516726 0.190268 0.018159 0.019083
0 0.561646 0.242429 0.020073 0.036895
0 0.583151 0.227670 0.019113 0.025446
0 0.365718 0.195864 0.012424 0.015268
0 0.321753 0.206108 0.018159 0.020227
0 0.338000 0.191540 0.010512 0.016538
0 0.368107 0.173728 0.011470 0.013998
0 0.243383 0.268511 0.012424 0.015268
0 0.226178 0.283653 0.010515 0.010179
0 0.212320 0.317429 0.013378 0.016668
0 0.231434 0.306043 0.013381 0.016542
0 0.210409 0.340905 0.011470 0.010179
0 0.230957 0.338358 0.016250 0.012723
0 0.201806 0.387468 0.015290 0.016542
