0 0.572160 0.902098 0.027716 0.040714
0 0.629983 0.846755 0.034405 0.036895
0 0.648142 0.398281 0.030582 0.038170
0 0.545877 0.234795 0.021027 0.021627
0 0.587453 0.214949 0.020070 0.027991
0 0.516726 0.185814 0.021982 0.030532
0 0.475151 0.186958 0.022936 0.022902
0 0.423541 0.211260 0.017204 0.030532
0 0.379099 0.246246 0.023893 0.029261
0 0.252941 0.648218 0.035363 0.044659
0 0.224744 0.736067 0.032494 0.024172
0 0.193204 0.615712 0.022939 0.033080
0 0.199416 0.549681 0.023893 0.025442
0 0.209453 0.484797 0.024851 0.030536
0 0.249117 0.424300 0.023893 0.034225
0 0.201328 0.414186 0.012424 0.019087
0 0.317453 0.213742 0.017204 0.017938
0 0.338956 0.191540 0.012424 0.016538
0 0.361895 0.174300 0.016247 0.017942
0 0.395346 0.178817 0.018162 0.013998
0 0.221399 0.294592 0.012427 0.016538
0 0.241948 0.272328 0.013378 0.017812
0 0.247204 0.287468 0.014335 0.015268
0 0.209930 0.343513 0.014335 0.015394
0 0.210409 0.328880 0.017201 0.019213
