0 0.625204 0.920485 0.030585 0.034225
0 0.568814 0.428054 0.036317 0.052163
0 0.627595 0.357443 0.029628 0.053433
0 0.658178 0.326907 0.031540 0.043255
0 0.584584 0.222709 0.020070 0.027991
0 0.564514 0.244911 0.023893 0.031932
0 0.514337 0.270992 0.024851 0.028121
0 0.480409 0.328880 0.029628 0.036769
0 0.432620 0.213677 0.016247 0.025446
0 0.475630 0.195864 0.016247 0.020357
0 0.512904 0.176144 0.016247 0.021631
0 0.289259 0.581487 0.037274 0.038170
0 0.233346 0.686958 0.024851 0.027991
0 0.219011 0.704198 0.021027 0.024046
0 0.184125 0.575763 0.016250 0.024172
0 0.197506 0.534288 0.018159 0.035621
0 0.212320 0.513421 0.024848 0.029261
0 0.245771 0.431871 0.026762 0.034351
0 0.229524 0.362595 0.015293 0.022772
0 0.248637 0.234032 0.015293 0.017812
0 0.206585 0.351207 0.015293 0.017813
0 0.234302 0.304771 0.015293 0.013998
0 0.224744 0.308588 0.015293 0.011453
0 0.214232 0.306043 0.011470 0.011453
0 0.263453 0.304008 0.016247 0.022902
