0 0.632849 0.893703 0.028674 0.036895
0 0.629505 0.456106 0.044918 0.054834
0 0.734637 0.375954 0.021982 0.029391
0 0.618037 0.352989 0.037274 0.036895
0 0.521983 0.270292 0.028674 0.034351
0 0.562125 0.243573 0.022939 0.026717
0 0.597965 0.198409 0.020070 0.025446
0 0.515293 0.181997 0.015293 0.020357
0 0.410160 0.213677 0.017204 0.025446
0 0.374320 0.206106 0.018159 0.015142
0 0.387700 0.173600 0.020070 0.024172
0 0.358549 0.194592 0.015293 0.017813
0 0.301683 0.229643 0.021982 0.021502
0 0.213276 0.701591 0.021027 0.024172
0 0.183169 0.564949 0.016247 0.025442
0 0.199895 0.540647 0.024851 0.022902
0 0.215665 0.477035 0.025805 0.027991
0 0.202285 0.363295 0.012424 0.019083
0 0.224267 0.370164 0.014338 0.022902
0 0.251983 0.243066 0.012424 0.012723
0 0.236692 0.265266 0.014335 0.008778
0 0.226178 0.284416 0.014338 0.013994
0 0.210886 0.304706 0.012424 0.008778
0 0.242904 0.265903 0.015290 0.017942
