0 0.699276 0.865712 0.035363 0.036895
0 0.566902 0.419911 0.036317 0.048344
0 0.625683 0.360625 0.029628 0.054708
0 0.648620 0.322581 0.023893 0.039440
0 0.583628 0.219403 0.018159 0.039440
0 0.566902 0.248791 0.019116 0.029261
0 0.515293 0.276082 0.021024 0.035499
0 0.482320 0.334669 0.025805 0.038170
0 0.417806 0.211195 0.019113 0.025321
0 0.475151 0.190775 0.017204 0.025446
0 0.517204 0.182569 0.013378 0.019213
0 0.366674 0.197139 0.014335 0.020357
0 0.289258 0.590905 0.031540 0.039440
0 0.230479 0.681997 0.019116 0.030536
0 0.230000 0.744911 0.021982 0.029391
0 0.182213 0.605536 0.014335 0.020357
0 0.198462 0.517240 0.016247 0.034351
0 0.216620 0.504389 0.020070 0.026717
0 0.244816 0.445992 0.022936 0.026717
0 0.208976 0.395676 0.014335 0.015394
0 0.230479 0.354899 0.015293 0.015268
0 0.278267 0.284988 0.021027 0.022776
0 0.234779 0.308588 0.012424 0.016542
0 0.210886 0.338996 0.012424 0.011449
0 0.237646 0.263360 0.014335 0.017938
0 0.223790 0.283141 0.007646 0.013994
0 0.208974 0.309732 0.008601 0.011453
0 0.241948 0.277926 0.013378 0.021631
