0 0.693062 0.851717 0.038229 0.039440
0 0.564992 0.422965 0.032497 0.047074
0 0.622337 0.357506 0.026759 0.043381
0 0.656267 0.326270 0.027716 0.044529
0 0.583630 0.226526 0.027716 0.038166
0 0.555912 0.237914 0.021982 0.032955
0 0.502390 0.264058 0.025805 0.029261
0 0.484232 0.332762 0.029628 0.036895
0 0.417329 0.213042 0.018159 0.021627
0 0.477062 0.193385 0.017204 0.022776
0 0.518637 0.192112 0.014335 0.020231
0 0.362372 0.194657 0.015293 0.020231
0 0.284957 0.582760 0.032494 0.035625
0 0.231913 0.687595 0.020070 0.026717
0 0.210409 0.702226 0.017201 0.027991
0 0.181258 0.576335 0.016247 0.020227
0 0.198462 0.529834 0.020070 0.029261
0 0.215188 0.480917 0.019113 0.028117
0 0.244337 0.448537 0.020070 0.029265
0 0.202285 0.401463 0.012424 0.019087
0 0.233825 0.348665 0.016247 0.015268
0 0.267753 0.295229 0.013378 0.017812
0 0.206108 0.341603 0.008601 0.019213
0 0.251983 0.248030 0.010515 0.012723
0 0.235258 0.267238 0.009558 0.012723
0 0.213276 0.304071 0.009558 0.007508
0 0.233825 0.307188 0.016247 0.024172
