0 0.631416 0.585816 0.052564 0.064886
0 0.618991 0.473856 0.029628 0.049619
0 0.674902 0.414184 0.022939 0.039440
0 0.424495 0.432634 0.045875 0.055982
0 0.421630 0.347965 0.030582 0.031936
0 0.444088 0.221311 0.025805 0.033076
0 0.478976 0.193322 0.019110 0.033080
0 0.515770 0.185751 0.012424 0.017938
0 0.273966 0.401337 0.021982 0.036895
0 0.230002 0.452226 0.016247 0.021627
0 0.211841 0.453498 0.014335 0.029261
0 0.200372 0.540140 0.014335 0.029265
0 0.288780 0.594848 0.036317 0.041985
0 0.250550 0.620929 0.021027 0.030536
0 0.231912 0.687595 0.021982 0.029265
0 0.234780 0.750063 0.025805 0.026717
0 0.319364 0.805980 0.028674 0.034225
0 0.373364 0.915966 0.039186 0.035625
0 0.466549 0.856934 0.032494 0.039444
0 0.530107 0.933206 0.025805 0.034221
