0 0.606088 0.903245 0.032494 0.038170
0 0.407770 0.818129 0.035363 0.038166
0 0.375753 0.875319 0.034409 0.030662
0 0.315062 0.848537 0.023893 0.027991
0 0.280655 0.610114 0.033451 0.039440
0 0.603221 0.508969 0.038229 0.050893
0 0.627116 0.401463 0.034409 0.041985
0 0.659133 0.383588 0.023893 0.034221
0 0.651009 0.312405 0.017201 0.029265
0 0.680159 0.298346 0.018159 0.031936
0 0.601309 0.228308 0.017204 0.029261
0 0.569293 0.247392 0.021982 0.036895
0 0.493311 0.263421 0.032494 0.030536
0 0.465593 0.332125 0.030582 0.038170
0 0.372886 0.256997 0.024851 0.028117
0 0.402514 0.211769 0.019113 0.024172
0 0.480886 0.194720 0.017204 0.025446
0 0.514814 0.178752 0.018159 0.024046
0 0.240514 0.451717 0.023893 0.040714
0 0.208497 0.490394 0.019116 0.024172
0 0.193204 0.546374 0.019116 0.034355
0 0.180302 0.573153 0.012427 0.021502
0 0.241471 0.647011 0.023893 0.031806
0 0.223790 0.682634 0.019116 0.026721
0 0.217576 0.716222 0.020073 0.027987
