0 0.663913 0.721437 0.031540 0.048344
0 0.719346 0.611388 0.031540 0.039440
0 0.623293 0.477035 0.040140 0.055978
0 0.543965 0.550317 0.047790 0.054708
0 0.555913 0.405789 0.043009 0.061067
0 0.638584 0.346629 0.026759 0.047074
0 0.674424 0.327035 0.021982 0.027991
0 0.671081 0.284414 0.021027 0.026717
0 0.585541 0.250063 0.027716 0.031806
0 0.514337 0.174874 0.024851 0.024172
0 0.467982 0.186958 0.025805 0.022902
0 0.429274 0.203498 0.026762 0.027987
0 0.368107 0.201717 0.028671 0.034351
0 0.330355 0.547709 0.031540 0.054834
0 0.288780 0.611323 0.036317 0.046948
0 0.250072 0.629708 0.031540 0.035625
0 0.227611 0.466349 0.024851 0.036895
0 0.198460 0.596118 0.025805 0.036895
0 0.240992 0.706043 0.026759 0.033076
0 0.230002 0.730915 0.023893 0.031936
0 0.340390 0.829517 0.040140 0.043385
0 0.447913 0.844848 0.035363 0.040710
0 0.496178 0.905917 0.024851 0.030536
0 0.783858 0.361958 0.019113 0.024046
0 0.739893 0.292622 0.015293 0.017938
