0 0.665345 0.908334 0.026762 0.038170
0 0.603221 0.511514 0.038229 0.050893
0 0.646707 0.403943 0.037274 0.049493
0 0.683505 0.341538 0.022936 0.039440
0 0.581239 0.224619 0.024851 0.026721
0 0.552090 0.237849 0.023893 0.025446
0 0.500956 0.231552 0.021027 0.030662
0 0.453648 0.333969 0.027716 0.031932
0 0.422107 0.269085 0.029628 0.031936
0 0.412072 0.208716 0.015290 0.022902
0 0.470372 0.186958 0.015293 0.022902
0 0.359506 0.264067 0.022939 0.026737
0 0.246248 0.450954 0.023893 0.029261
0 0.266322 0.557953 0.033454 0.036895
0 0.255806 0.662277 0.021985 0.034351
0 0.227613 0.672965 0.019116 0.022902
0 0.218053 0.717557 0.017204 0.022776
0 0.183169 0.587786 0.010515 0.022772
0 0.203718 0.560432 0.019113 0.026847
0 0.214709 0.492938 0.020070 0.029261
