0 0.636198 0.498657 0.027726 0.045787
0 0.638584 0.403371 0.028674 0.043259
0 0.517683 0.262721 0.021982 0.034225
0 0.456992 0.305408 0.024851 0.038170
0 0.373363 0.366349 0.029628 0.043259
0 0.273009 0.432634 0.025805 0.030536
0 0.233825 0.452863 0.016247 0.022902
0 0.213276 0.504517 0.022936 0.034351
0 0.198460 0.599872 0.018159 0.024046
0 0.275399 0.610114 0.028671 0.044529
0 0.246727 0.628435 0.024851 0.033080
0 0.226178 0.668003 0.021985 0.030536
0 0.230480 0.725763 0.017204 0.021631
0 0.336090 0.834669 0.027716 0.038170
