0 0.722213 0.611386 0.029628 0.036895
0 0.542532 0.504389 0.058302 0.082699
0 0.622337 0.477670 0.034405 0.049619
0 0.661044 0.373474 0.027716 0.034351
0 0.671079 0.339759 0.022939 0.027991
0 0.675858 0.309162 0.021027 0.030662
0 0.576460 0.216222 0.019116 0.025446
0 0.564035 0.238486 0.021027 0.024172
0 0.516726 0.183906 0.018159 0.024176
0 0.479453 0.191475 0.020070 0.024046
0 0.434053 0.220166 0.022936 0.025446
0 0.229046 0.452226 0.021982 0.031806
0 0.201328 0.599872 0.023893 0.029387
0 0.282090 0.580789 0.026759 0.042114
0 0.258674 0.631615 0.027720 0.039440
0 0.242904 0.710623 0.022936 0.031806
0 0.227134 0.721439 0.020073 0.027991
0 0.474672 0.864440 0.023893 0.034351
0 0.503823 0.914759 0.021024 0.022772
0 0.513860 0.987944 0.033451 0.024111
0 0.785770 0.340966 0.015290 0.017938
0 0.779079 0.330787 0.011470 0.017938
0 0.756620 0.283080 0.012424 0.021502
