0 0.594142 0.894403 0.035363 0.035495
0 0.479451 0.865140 0.052567 0.058649
0 0.370974 0.868894 0.026759 0.050889
0 0.595098 0.484797 0.046829 0.055982
0 0.617079 0.402035 0.025805 0.048218
0 0.643841 0.350509 0.025805 0.029387
0 0.640974 0.304771 0.020070 0.029265
0 0.679681 0.295737 0.017204 0.026717
0 0.598442 0.218194 0.019116 0.031932
0 0.564992 0.267750 0.021027 0.031806
0 0.508602 0.266603 0.019113 0.031810
0 0.463204 0.332060 0.031543 0.032950
0 0.513860 0.176144 0.018159 0.029261
0 0.482320 0.202226 0.014335 0.025442
0 0.430709 0.229580 0.020070 0.026717
0 0.207062 0.432634 0.020070 0.027987
0 0.245771 0.459288 0.026762 0.032950
0 0.210887 0.512149 0.021982 0.026717
0 0.203241 0.547074 0.021982 0.028117
0 0.185081 0.583906 0.018162 0.025442
0 0.271576 0.614440 0.030585 0.040714
0 0.230002 0.626526 0.023893 0.034351
0 0.223311 0.686962 0.018159 0.027999
0 0.210886 0.727035 0.016247 0.029265
