0 0.237646 0.594148 0.025805 0.032955
0 0.226655 0.659732 0.022939 0.029261
0 0.225223 0.741031 0.020073 0.029261
0 0.189860 0.608078 0.016250 0.025442
0 0.198462 0.550954 0.014338 0.025446
0 0.431665 0.210623 0.020073 0.026717
0 0.480886 0.195355 0.017204 0.021627
0 0.522460 0.180024 0.016250 0.021502
0 0.482797 0.309734 0.024851 0.026717
0 0.546355 0.237342 0.020070 0.029261
0 0.589364 0.222074 0.020070 0.029261
0 0.690672 0.304073 0.020070 0.032950
0 0.761877 0.348537 0.017204 0.025442
0 0.675858 0.348537 0.024851 0.035621
0 0.620425 0.356236 0.028674 0.040840
