0 0.615169 0.875254 0.027716 0.033080
0 0.654355 0.389245 0.031540 0.043263
0 0.645274 0.302798 0.019116 0.032950
0 0.679203 0.293194 0.020070 0.024172
0 0.572159 0.217557 0.021982 0.028117
0 0.546355 0.239121 0.023893 0.027991
0 0.468460 0.291985 0.024848 0.034221
0 0.520072 0.176780 0.015290 0.022902
0 0.478495 0.188231 0.020070 0.020357
0 0.408248 0.206743 0.022936 0.031936
0 0.197983 0.548981 0.017204 0.021502
0 0.190816 0.607443 0.018162 0.024172
0 0.230479 0.590331 0.021024 0.032950
0 0.236213 0.702861 0.024848 0.029261
0 0.222834 0.731487 0.021027 0.033080
