0 0.599398 0.414821 0.032497 0.043255
0 0.632372 0.333397 0.025805 0.040714
0 0.816354 0.610114 0.022939 0.034351
0 0.681593 0.314884 0.026759 0.034225
0 0.702620 0.300956 0.021027 0.026717
0 0.549223 0.165394 0.021982 0.025317
0 0.468460 0.291412 0.026762 0.040714
0 0.510514 0.177480 0.017204 0.021502
0 0.456037 0.199681 0.024848 0.027991
0 0.367151 0.247390 0.026759 0.034351
0 0.293558 0.484034 0.034409 0.039440
0 0.259152 0.552798 0.026762 0.034225
0 0.248639 0.661577 0.024851 0.032950
0 0.230479 0.663423 0.021024 0.026717
0 0.363805 0.803435 0.037274 0.044655
0 0.446479 0.794464 0.047787 0.049619
