0 0.657902 0.903111 0.030396 0.034785
0 0.624038 0.341224 0.034131 0.042593
0 0.473918 0.287981 0.031463 0.039752
0 0.539777 0.268458 0.027732 0.041883
0 0.568843 0.216991 0.022930 0.032658
0 0.606441 0.212731 0.020265 0.035495
0 0.551777 0.160199 0.019732 0.021299
0 0.503780 0.171556 0.019732 0.024136
0 0.458983 0.191435 0.026131 0.029817
0 0.418988 0.215925 0.024000 0.027687
0 0.387523 0.154521 0.014399 0.014196
0 0.363793 0.169073 0.017067 0.017748
0 0.348326 0.199953 0.014933 0.021295
0 0.292864 0.536092 0.034131 0.043304
0 0.250735 0.569101 0.028799 0.039752
0 0.235802 0.678070 0.026665 0.036205
0 0.200605 0.547449 0.017064 0.022009
0 0.232335 0.478590 0.019732 0.027683
0 0.260067 0.391625 0.020799 0.024136
0 0.215066 0.387488 0.012088 0.015406
0 0.267918 0.298478 0.015945 0.021567
0 0.234098 0.315765 0.012085 0.014379
0 0.239627 0.272459 0.008229 0.009927
0 0.271776 0.227953 0.009259 0.010613
0 0.273061 0.258937 0.013372 0.015747
