0 0.270134 0.232719 0.010372 0.012005
0 0.612463 0.885678 0.030091 0.036631
0 0.594744 0.449024 0.039939 0.050873
0 0.636747 0.360110 0.029610 0.040787
0 0.692521 0.346130 0.028232 0.046749
0 0.620221 0.222616 0.019966 0.033454
0 0.593195 0.230635 0.023756 0.032999
0 0.559453 0.175410 0.016869 0.027037
0 0.512630 0.175639 0.016180 0.019249
0 0.469421 0.190534 0.020659 0.027041
0 0.348916 0.187096 0.013771 0.015580
0 0.368198 0.167849 0.011018 0.012833
0 0.798864 0.310860 0.008003 0.010950
0 0.291764 0.546644 0.031674 0.037127
0 0.267663 0.608973 0.026168 0.032541
0 0.249756 0.656179 0.022744 0.027041
0 0.212232 0.520290 0.020659 0.026579
0 0.227898 0.457273 0.020314 0.031623
0 0.255442 0.435043 0.021689 0.032082
0 0.232718 0.350256 0.017558 0.017419
0 0.235989 0.310842 0.014460 0.018332
0 0.271279 0.292279 0.011363 0.013291
0 0.253375 0.283113 0.013427 0.015122
0 0.224797 0.324150 0.012680 0.013811
