0 0.626762 0.342920 0.028085 0.046181
0 0.610242 0.206569 0.018174 0.028592
0 0.565224 0.215915 0.020649 0.029688
0 0.510706 0.240108 0.022302 0.031887
0 0.477663 0.297287 0.025607 0.036287
0 0.549941 0.164237 0.014869 0.018693
0 0.500793 0.168632 0.015695 0.018693
0 0.456599 0.187325 0.021479 0.023093
0 0.416537 0.214817 0.022305 0.025292
0 0.260416 0.594178 0.028912 0.036287
0 0.236049 0.689840 0.026433 0.034087
0 0.203216 0.557530 0.016768 0.020150
0 0.230125 0.456246 0.021909 0.028636
0 0.257811 0.395000 0.021512 0.027045
0 0.347044 0.204097 0.018326 0.020678
0 0.349194 0.146562 0.013942 0.014846
0 0.229328 0.326857 0.011552 0.014850
0 0.214390 0.385453 0.014341 0.015377
0 0.552591 0.926287 0.025811 0.034359
