0 0.269213 0.404521 0.020311 0.026583
0 0.235988 0.281004 0.009640 0.011457
0 0.228759 0.326836 0.013085 0.014209
0 0.261294 0.271838 0.012741 0.016039
0 0.304675 0.191175 0.013430 0.015126
0 0.345302 0.189572 0.012738 0.015580
0 0.360623 0.172614 0.011704 0.014667
0 0.486979 0.200570 0.017902 0.022918
0 0.513662 0.175136 0.016183 0.023373
0 0.550502 0.169176 0.016180 0.027955
0 0.592849 0.231737 0.021692 0.029334
0 0.621598 0.219361 0.018591 0.033916
0 0.685980 0.347461 0.025479 0.037123
0 0.636402 0.348147 0.026854 0.043080
0 0.607139 0.436603 0.032363 0.041250
0 0.208273 0.416895 0.020314 0.023831
0 0.233235 0.456767 0.022726 0.034834
0 0.253032 0.655217 0.025820 0.035751
0 0.273172 0.605950 0.030296 0.040787
0 0.297617 0.544765 0.035808 0.041250
0 0.522098 0.974205 0.026165 0.025666
0 0.604729 0.945331 0.037872 0.033916
