0 0.570683 0.923320 0.021909 0.029164
0 0.487651 0.303283 0.029960 0.043563
0 0.538581 0.270767 0.024887 0.037427
0 0.586515 0.235181 0.021201 0.028835
0 0.625233 0.226897 0.023966 0.030678
0 0.544803 0.162780 0.015210 0.019018
0 0.502860 0.169223 0.018896 0.020864
0 0.451470 0.189164 0.030421 0.028839
0 0.365970 0.171063 0.013366 0.014724
0 0.267794 0.230578 0.008759 0.011043
0 0.196123 0.626015 0.028576 0.037427
0 0.204649 0.568647 0.018896 0.025767
0 0.211898 0.392705 0.010893 0.013316
0 0.228123 0.326573 0.010893 0.011838
0 0.238349 0.273608 0.008668 0.011242
0 0.275024 0.253340 0.014890 0.015089
