0 0.353043 0.196236 0.012671 0.015978
0 0.344264 0.190168 0.012448 0.013908
0 0.359378 0.171380 0.010671 0.013612
0 0.390165 0.156733 0.011780 0.014497
0 0.442287 0.160875 0.014226 0.018640
0 0.386829 0.186025 0.013116 0.013316
0 0.265168 0.303285 0.013829 0.015954
0 0.229445 0.367401 0.012445 0.015337
0 0.258253 0.417098 0.019360 0.026380
0 0.233595 0.435812 0.016134 0.022086
0 0.212393 0.515574 0.018896 0.022090
0 0.202483 0.563429 0.013826 0.020860
0 0.220227 0.655771 0.019820 0.028839
0 0.243043 0.647488 0.021201 0.026997
0 0.254335 0.577236 0.027195 0.032516
0 0.284524 0.505450 0.035951 0.034976
0 0.408050 0.214320 0.017515 0.024541
0 0.453680 0.187323 0.014750 0.017179
0 0.503229 0.168610 0.014287 0.020248
0 0.548860 0.162780 0.016134 0.020860
0 0.573058 0.218614 0.020280 0.031903
0 0.805727 0.620753 0.026168 0.038040
0 0.618457 0.217388 0.017976 0.030678
0 0.611029 0.442240 0.031332 0.047662
0 0.633207 0.344393 0.029037 0.045402
0 0.223011 0.314144 0.008668 0.009765
0 0.233902 0.317401 0.011780 0.013908
0 0.240572 0.272573 0.008223 0.010057
0 0.273245 0.255412 0.010893 0.013608
0 0.270245 0.228044 0.008003 0.009765
0 0.293695 0.189282 0.010445 0.010950
