0 0.227974 0.675106 0.023210 0.033271
0 0.251780 0.586575 0.027378 0.033669
0 0.282578 0.495467 0.029460 0.043969
0 0.205806 0.567957 0.020534 0.021790
0 0.633111 0.347323 0.039576 0.050304
0 0.618530 0.219180 0.019341 0.030106
0 0.588477 0.231857 0.020534 0.030897
0 0.541907 0.267902 0.022021 0.034067
0 0.477485 0.280179 0.029457 0.038036
0 0.460226 0.188878 0.017555 0.020199
0 0.500695 0.171847 0.015177 0.021786
0 0.549645 0.166102 0.013095 0.019014
0 0.423476 0.171845 0.014878 0.019412
0 0.355780 0.224322 0.021128 0.026924
0 0.362474 0.170262 0.012497 0.014655
0 0.386131 0.151644 0.015177 0.018620
0 0.223213 0.359998 0.013091 0.013072
0 0.238093 0.309495 0.011308 0.012675
0 0.227826 0.302957 0.009226 0.009111
0 0.243002 0.269487 0.011607 0.011092
0 0.268742 0.228687 0.011308 0.013470
0 0.270527 0.254038 0.013091 0.016640
0 0.261750 0.295828 0.016366 0.017029
