0 0.198197 0.540731 0.019357 0.019018
0 0.195200 0.599324 0.020741 0.025767
0 0.295450 0.556069 0.036875 0.048470
0 0.251663 0.618038 0.032265 0.038657
0 0.237835 0.719888 0.024890 0.034972
0 0.440407 0.930643 0.029960 0.038040
0 0.231383 0.736759 0.026735 0.024541
0 0.813055 0.530607 0.017512 0.029452
0 0.593892 0.464649 0.041021 0.055832
0 0.632146 0.394091 0.029957 0.050925
0 0.672936 0.338257 0.020280 0.026384
0 0.690221 0.320771 0.018899 0.029448
0 0.766733 0.294081 0.014290 0.021473
0 0.746683 0.279357 0.011982 0.015337
0 0.798076 0.352062 0.007835 0.011047
0 0.580064 0.219535 0.022585 0.025767
0 0.534895 0.224442 0.025351 0.031903
0 0.505627 0.194071 0.022125 0.030065
0 0.445477 0.217080 0.020741 0.024541
0 0.385788 0.233949 0.022125 0.020252
0 0.343845 0.307886 0.025811 0.033133
0 0.245441 0.402681 0.020741 0.026384
0 0.213867 0.480294 0.021204 0.025767
