0 0.340062 0.818375 0.028241 0.031968
0 0.301255 0.830777 0.030546 0.033754
0 0.211541 0.640641 0.021326 0.024805
0 0.252843 0.616603 0.029393 0.033498
0 0.298566 0.589750 0.035924 0.040150
0 0.416617 0.436824 0.039960 0.042196
0 0.413640 0.321873 0.026317 0.031709
0 0.477229 0.287222 0.022091 0.036059
0 0.529962 0.251293 0.024973 0.026595
0 0.540433 0.226487 0.023244 0.027106
0 0.579142 0.222650 0.018826 0.025065
0 0.677887 0.286583 0.017293 0.025065
0 0.663671 0.334276 0.023823 0.037593
0 0.632549 0.391560 0.033427 0.047309
0 0.583849 0.479789 0.044759 0.064700
0 0.753386 0.397825 0.021515 0.035292
0 0.770771 0.331337 0.015561 0.023527
0 0.756267 0.277248 0.011912 0.015601
0 0.762992 0.315353 0.013448 0.017135
0 0.796899 0.352050 0.008262 0.013295
