0 0.583948 0.474489 0.043421 0.055682
0 0.788107 0.402370 0.019122 0.028109
0 0.794878 0.371877 0.016732 0.026514
0 0.789302 0.333170 0.016732 0.022273
0 0.741101 0.295254 0.013543 0.016441
0 0.665014 0.294458 0.023107 0.029696
0 0.669794 0.334229 0.027088 0.038182
0 0.635335 0.393620 0.033860 0.046664
0 0.581956 0.222869 0.019521 0.025455
0 0.536543 0.226317 0.025098 0.024923
0 0.502681 0.249119 0.025893 0.030227
0 0.433367 0.215444 0.018723 0.029696
0 0.390544 0.240633 0.020716 0.019619
0 0.395523 0.287033 0.023503 0.027573
0 0.306889 0.249649 0.027088 0.028105
0 0.273428 0.292601 0.024698 0.023864
0 0.208694 0.386197 0.022704 0.030755
0 0.243750 0.432595 0.029079 0.031287
0 0.215267 0.476873 0.022308 0.029696
0 0.196544 0.533614 0.020716 0.026514
0 0.189771 0.590885 0.015933 0.024391
0 0.275020 0.526457 0.027088 0.032346
0 0.247933 0.606794 0.028683 0.030755
0 0.222835 0.682094 0.020713 0.026518
0 0.214072 0.711790 0.023899 0.023336
0 0.282191 0.831104 0.030277 0.038182
0 0.419425 0.926289 0.025893 0.031287
0 0.777948 0.315093 0.007780 0.010950
