0 0.561349 0.654359 0.028576 0.044789
0 0.581631 0.508642 0.041482 0.051538
0 0.643884 0.392837 0.027970 0.038028
0 0.671261 0.358176 0.021424 0.036838
0 0.678253 0.322526 0.018152 0.027334
0 0.744029 0.276952 0.011558 0.018937
0 0.573320 0.217480 0.015561 0.019529
0 0.559317 0.234937 0.024006 0.028405
0 0.512194 0.238634 0.023564 0.025743
0 0.387829 0.318080 0.026451 0.037281
0 0.386941 0.241891 0.014003 0.015682
0 0.387497 0.256240 0.024896 0.023673
0 0.364380 0.272957 0.017784 0.018048
0 0.301364 0.581272 0.034009 0.044679
0 0.249796 0.606573 0.030451 0.035507
0 0.215232 0.708062 0.023561 0.027220
0 0.268912 0.819907 0.031787 0.050893
