0 0.438069 0.445112 0.035851 0.050377
0 0.471532 0.293184 0.024698 0.034996
0 0.396840 0.307502 0.028284 0.030759
0 0.541244 0.211256 0.021512 0.032350
0 0.580482 0.223188 0.017927 0.028632
0 0.661349 0.334545 0.020314 0.028636
0 0.672901 0.312275 0.020314 0.029696
0 0.738271 0.309529 0.009780 0.013904
0 0.745273 0.310860 0.010003 0.014205
0 0.734826 0.289704 0.011335 0.015682
0 0.806288 0.382466 0.012003 0.014200
0 0.809956 0.403770 0.009113 0.013612
0 0.795398 0.351989 0.007113 0.012427
0 0.238032 0.427441 0.020576 0.024647
