0 0.304925 0.831108 0.029320 0.029099
0 0.268791 0.849767 0.026491 0.037658
0 0.222242 0.730286 0.022375 0.027390
0 0.229957 0.681843 0.027006 0.022256
0 0.247960 0.622104 0.031634 0.035605
0 0.189066 0.594716 0.020832 0.023279
0 0.197168 0.554146 0.023146 0.026360
0 0.750433 0.282244 0.014116 0.018791
0 0.778149 0.313407 0.010329 0.012374
0 0.769886 0.319596 0.011704 0.020166
0 0.796567 0.408277 0.014116 0.026124
0 0.789683 0.369781 0.012738 0.020625
0 0.702232 0.537455 0.051988 0.075625
0 0.714453 0.436006 0.033741 0.045828
0 0.632857 0.393612 0.037183 0.053620
0 0.574328 0.255201 0.033741 0.036205
0 0.513215 0.247869 0.021692 0.037127
0 0.462774 0.293243 0.028921 0.046291
