0 0.672381 0.303095 0.021689 0.031165
0 0.751912 0.601457 0.039591 0.059578
0 0.611613 0.436236 0.038561 0.049038
0 0.723337 0.404612 0.029265 0.037123
0 0.807412 0.386916 0.008323 0.012800
0 0.801169 0.362561 0.008753 0.011461
0 0.796003 0.350144 0.006457 0.008405
0 0.761341 0.296179 0.008598 0.014712
0 0.756826 0.280323 0.009902 0.011652
0 0.743552 0.276692 0.012055 0.014708
0 0.579698 0.224345 0.018671 0.023965
0 0.550137 0.232924 0.024006 0.031660
0 0.520462 0.248608 0.025564 0.034619
0 0.483230 0.306747 0.027119 0.034915
0 0.444998 0.217687 0.020448 0.024261
0 0.420771 0.320063 0.029341 0.039647
0 0.427884 0.434866 0.034232 0.050893
0 0.256108 0.611246 0.029564 0.038466
0 0.224434 0.733450 0.022229 0.024854
0 0.246262 0.690846 0.026488 0.027731
0 0.302585 0.742370 0.033177 0.043133
0 0.286343 0.848584 0.039308 0.045593
0 0.469893 0.916485 0.028451 0.033734
0 0.517573 0.921516 0.032232 0.040832
