0 0.410030 0.470562 0.037872 0.049038
0 0.662741 0.334673 0.022726 0.036668
0 0.661364 0.300071 0.020655 0.026124
0 0.743994 0.300582 0.010329 0.015231
0 0.798416 0.355887 0.007875 0.012528
0 0.581189 0.226514 0.017488 0.030812
0 0.536826 0.216073 0.021860 0.025678
0 0.492591 0.228912 0.022890 0.027386
0 0.491819 0.285913 0.026491 0.040057
0 0.416465 0.325968 0.026491 0.031838
0 0.274500 0.320321 0.029061 0.030812
0 0.236567 0.424736 0.020573 0.024651
0 0.195546 0.536343 0.015689 0.021226
0 0.195032 0.588724 0.017229 0.019858
