0 0.276032 0.868131 0.022912 0.022577
0 0.266361 0.763754 0.030948 0.040406
0 0.388660 0.754050 0.042851 0.039213
0 0.288381 0.563916 0.033921 0.031291
0 0.201341 0.615412 0.025293 0.026538
0 0.194648 0.537179 0.022021 0.026144
0 0.212055 0.454391 0.016366 0.022183
0 0.243003 0.423890 0.022317 0.024558
0 0.263087 0.375566 0.023210 0.030897
0 0.595471 0.478553 0.044040 0.057041
0 0.647694 0.396163 0.030649 0.037236
0 0.645460 0.331796 0.019640 0.028916
0 0.677300 0.316940 0.020235 0.027727
0 0.704343 0.326002 0.019936 0.025747
