0 0.706948 0.680929 0.036841 0.042622
0 0.777357 0.459566 0.023415 0.032541
0 0.607793 0.491187 0.042348 0.050873
0 0.630343 0.397693 0.030296 0.039874
0 0.648075 0.330321 0.022381 0.033458
0 0.684396 0.327110 0.017902 0.031623
0 0.775503 0.311244 0.010671 0.015978
0 0.736383 0.291124 0.011558 0.013612
0 0.580788 0.233425 0.017338 0.025446
0 0.536000 0.218486 0.025116 0.028701
0 0.502768 0.232837 0.022671 0.031956
0 0.353845 0.290386 0.029341 0.047638
0 0.241261 0.436851 0.023338 0.032841
0 0.212919 0.453419 0.017338 0.023373
0 0.195694 0.531092 0.018003 0.018937
0 0.283604 0.550471 0.027116 0.047638
0 0.247483 0.620745 0.029119 0.033730
0 0.332623 0.768149 0.034979 0.040398
0 0.295078 0.823267 0.026741 0.028758
0 0.322465 0.908344 0.038320 0.034578
