0 0.626273 0.908787 0.028290 0.030812
0 0.553453 0.423377 0.034814 0.053872
0 0.640790 0.400402 0.028567 0.048328
0 0.667718 0.330091 0.022912 0.036838
0 0.677540 0.304541 0.019341 0.031688
0 0.593623 0.236015 0.018747 0.025349
0 0.570267 0.245522 0.024399 0.032480
0 0.442312 0.333261 0.024399 0.040004
0 0.465523 0.190463 0.017259 0.022183
0 0.507331 0.182737 0.018747 0.022577
0 0.406456 0.216607 0.019936 0.026144
0 0.347389 0.243937 0.019637 0.027727
0 0.246067 0.438626 0.021128 0.030499
0 0.273145 0.538446 0.027674 0.040008
0 0.206194 0.482593 0.019936 0.029708
0 0.199944 0.551321 0.019936 0.028519
0 0.189232 0.586376 0.021128 0.025747
0 0.214375 0.654704 0.020829 0.027727
0 0.249936 0.649160 0.030055 0.039610
0 0.222262 0.715310 0.021128 0.028519
