0 0.608526 0.881481 0.025497 0.032346
0 0.551561 0.417750 0.031073 0.051968
0 0.642985 0.406084 0.025098 0.049846
0 0.661907 0.324949 0.017527 0.033941
0 0.683020 0.317524 0.019918 0.033937
0 0.574666 0.221278 0.016729 0.028109
0 0.543595 0.225785 0.019122 0.029696
0 0.516704 0.183628 0.017128 0.020682
0 0.476271 0.187340 0.017530 0.028105
0 0.440619 0.335024 0.024299 0.041364
0 0.421099 0.224460 0.019521 0.027045
0 0.359752 0.249649 0.018723 0.027577
0 0.240244 0.440020 0.021909 0.030755
0 0.214151 0.503389 0.021509 0.029164
0 0.204392 0.543691 0.022704 0.028105
0 0.189253 0.602023 0.017128 0.024923
0 0.287450 0.590621 0.031070 0.043482
0 0.240044 0.617664 0.027887 0.036059
0 0.243232 0.704365 0.026293 0.034468
0 0.232875 0.752356 0.026293 0.029696
