0 0.778625 0.637762 0.027488 0.042423
0 0.657922 0.886731 0.037046 0.044014
0 0.542399 0.397015 0.036250 0.051968
0 0.637407 0.382431 0.027088 0.049318
0 0.651544 0.320921 0.024290 0.032346
0 0.584825 0.227323 0.018326 0.025450
0 0.544590 0.227323 0.021509 0.031814
0 0.504755 0.173764 0.017527 0.023332
0 0.461532 0.193111 0.021912 0.023843
0 0.426084 0.224671 0.021101 0.028636
0 0.240242 0.443943 0.024698 0.037650
0 0.281274 0.592157 0.027884 0.036059
0 0.257971 0.673823 0.029875 0.035000
0 0.243230 0.722873 0.025893 0.027045
0 0.234268 0.745676 0.023902 0.028105
0 0.181686 0.573598 0.019122 0.023332
